[gd_scene load_steps=6 format=3 uid="uid://vy68o6b7ni3t"]

[ext_resource type="PackedScene" uid="uid://cly3vguseol5j" path="res://Scenes/UIObjectsSelection.tscn" id="1_r150o"]
[ext_resource type="Texture2D" uid="uid://dn71xijsbmnut" path="res://Import/Icon/undoButtonIcon.png" id="2_6l7je"]
[ext_resource type="PackedScene" uid="uid://dhb0rh6musbex" path="res://npc/navigation_npc.tscn" id="3_jv6wh"]
[ext_resource type="PackedScene" uid="uid://ujiaswmvmrfu" path="res://npc/navigation_region_3d.tscn" id="3_x6ack"]

[sub_resource type="StyleBoxFlat" id="StyleBoxFlat_6l7je"]
bg_color = Color(0.547312, 0.5998718, 0.720781, 1)
corner_radius_top_left = 57
corner_radius_top_right = 57
corner_radius_bottom_right = 57
corner_radius_bottom_left = 50

[node name="Ground" type="Node3D"]

[node name="UIobjects" parent="." instance=ExtResource("1_r150o")]

[node name="InfoBubble" type="Panel" parent="UIobjects"]
visible = false
layout_mode = 0
offset_left = 857.0
offset_top = 447.0
offset_right = 1049.0
offset_bottom = 482.0

[node name="Label" type="Label" parent="UIobjects/InfoBubble"]
layout_mode = 1
anchors_preset = 15
anchor_right = 1.0
anchor_bottom = 1.0
grow_horizontal = 2
grow_vertical = 2
text = "Pas assez d'argent !"
horizontal_alignment = 1
vertical_alignment = 1
uppercase = true

[node name="Button" type="Button" parent="UIobjects"]
layout_mode = 0
offset_left = 49.0
offset_top = 720.0
offset_right = 106.29166
offset_bottom = 771.0
scale = Vector2(0.9600003, 1)
theme_override_styles/normal = SubResource("StyleBoxFlat_6l7je")
icon = ExtResource("2_6l7je")
icon_alignment = 1
expand_icon = true

[node name="Camera3D" type="Camera3D" parent="."]
transform = Transform3D(0.68671054, 0.3282641, -0.6485919, 0.023806928, 0.88159865, 0.4713991, 0.7265411, -0.3391557, 0.59758806, -9.033381, 8.402146, 8.628708)
projection = 1
current = true
size = 12.674621

[node name="DirectionalLight3D" type="DirectionalLight3D" parent="."]
transform = Transform3D(0.41918242, -0.6798369, 0.60175395, 0.5700946, 0.7129323, 0.40831324, -0.70659626, 0.17189896, 0.6864201, 4.707531, 2.7378685, 5.2616353)

[node name="PlacedObjects" type="Node3D" parent="."]
transform = Transform3D(1, 0, 0, 0, 1, 0, 0, 0, 1, 0, 0.04453449, 0)

[node name="NavigationNPC3D" parent="." instance=ExtResource("3_x6ack")]

[node name="NavigationNPC2" parent="NavigationNPC3D" instance=ExtResource("3_jv6wh")]
transform = Transform3D(0.91913533, 0, 0.3939419, 0, 1, 0, -0.3939419, 0, 0.91913533, 0, 1.0037963, 0)
input_ray_pickable = false

[connection signal="pressed" from="UIobjects/Button" to="UIobjects" method="_on_button_pressed"]
