[gd_scene load_steps=15 format=3 uid="uid://vy68o6b7ni3t"]

[ext_resource type="Script" uid="uid://bwja1cpp7kcyy" path="res://Scripts/camera_3d.gd" id="1_ioaeq"]
[ext_resource type="Script" uid="uid://djxubuc021te8" path="res://Scripts/mur.gd" id="3_7ewk0"]
[ext_resource type="Script" uid="uid://bkgkdiw6yfk3v" path="res://Scripts/salle_npc_creation.gd" id="3_jv6wh"]
[ext_resource type="PackedScene" uid="uid://37f4w0w3kcck" path="res://Scenes/ui_Salon.tscn" id="4_7ewk0"]
[ext_resource type="Material" uid="uid://b2fsvomysdrj3" path="res://materials/Wall/Green.tres" id="4_gnsmo"]
[ext_resource type="Script" uid="uid://bv023yo53uhag" path="res://Scripts/ui_salon.gd" id="5_lhp3t"]

[sub_resource type="NavigationMesh" id="NavigationMesh_x6ack"]
vertices = PackedVector3Array(-7.3586483, -2.095741, -9.3837385, -7.3586483, -2.095741, 9.3662615, 11.391352, -2.095741, 9.3662615, 11.391352, -2.095741, -9.3837385)
polygons = [PackedInt32Array(3, 2, 0), PackedInt32Array(0, 2, 1)]

[sub_resource type="BoxMesh" id="BoxMesh_iacmt"]
size = Vector3(10, 0.1, 10)

[sub_resource type="NavigationMesh" id="NavigationMesh_iacmt"]
vertices = PackedVector3Array(-5, 0.05, 5, 5, 0.05, -5, 5, 0.05, 5, -5, 0.05, -5, -5, -0.05, 5, 5, -0.05, -5, 5, -0.05, 5, -5, -0.05, -5, 5, 0.05, 5, -5, 0.05, -5, 5, 0.05, -5, -5, 0.05, 5, 5, -0.05, 5, -5, -0.05, -5, 5, -0.05, -5, -5, -0.05, 5, 5, 0.05, 5, -5, -0.05, 5, -5, 0.05, 5, 5, -0.05, 5, 5, 0.05, -5, -5, -0.05, -5, -5, 0.05, -5, 5, -0.05, -5)
polygons = [PackedInt32Array(0, 2, 4), PackedInt32Array(2, 6, 4), PackedInt32Array(1, 3, 5), PackedInt32Array(3, 7, 5), PackedInt32Array(8, 10, 12), PackedInt32Array(10, 14, 12), PackedInt32Array(9, 11, 13), PackedInt32Array(11, 15, 13), PackedInt32Array(16, 18, 20), PackedInt32Array(18, 22, 20), PackedInt32Array(17, 19, 21), PackedInt32Array(19, 23, 21)]

[sub_resource type="BoxShape3D" id="BoxShape3D_6ev3c"]
size = Vector3(10, 0.1, 10)

[sub_resource type="BoxMesh" id="BoxMesh_maf8m"]
size = Vector3(10, 5, 0.1)

[sub_resource type="BoxShape3D" id="BoxShape3D_huasi"]
size = Vector3(10, 5, 0.1)

[sub_resource type="BoxMesh" id="BoxMesh_m1efj"]
size = Vector3(0.1, 5, 10)

[sub_resource type="BoxShape3D" id="BoxShape3D_mai8y"]
size = Vector3(0.1, 5, 10)

[node name="Salles" type="Node3D"]

[node name="salon" type="Node3D" parent="."]

[node name="Camera3D" type="Camera3D" parent="salon"]
transform = Transform3D(0.7071068, -0.4055798, 0.579228, 0, 0.81915206, 0.57357645, -0.7071068, -0.4055798, 0.579228, 8, 10, 8)
projection = 1
current = true
size = 13.0
script = ExtResource("1_ioaeq")

[node name="DirectionalLight3D" type="DirectionalLight3D" parent="salon"]
transform = Transform3D(0.41918242, -0.6798369, 0.60175395, 0.5700946, 0.7129323, 0.40831327, -0.70659626, 0.17189895, 0.6864201, 4.707531, 2.7378685, 5.2616353)
shadow_normal_bias = 0.5
shadow_reverse_cull_face = true
shadow_blur = 0.57

[node name="PlacedObjects" type="Node3D" parent="salon"]

[node name="Salle" type="Node3D" parent="salon"]
script = ExtResource("3_jv6wh")

[node name="NavigationRegion3D" type="NavigationRegion3D" parent="salon/Salle"]
transform = Transform3D(0.5, 0, 0, 0, 0.5, 0, 0, 0, 0.5, -0.9956758, 0.72103035, 0.016869187)
navigation_mesh = SubResource("NavigationMesh_x6ack")

[node name="MeshInstance3D" type="MeshInstance3D" parent="salon/Salle/NavigationRegion3D"]

[node name="Sol" type="StaticBody3D" parent="salon/Salle"]

[node name="MeshInstance3D" type="MeshInstance3D" parent="salon/Salle/Sol"]
mesh = SubResource("BoxMesh_iacmt")

[node name="NavigationRegion3D" type="NavigationRegion3D" parent="salon/Salle/Sol/MeshInstance3D"]
navigation_mesh = SubResource("NavigationMesh_iacmt")

[node name="CollisionShape3D" type="CollisionShape3D" parent="salon/Salle/Sol"]
shape = SubResource("BoxShape3D_6ev3c")

[node name="Mur_droit" type="StaticBody3D" parent="salon/Salle"]

[node name="MeshInstance3D" type="MeshInstance3D" parent="salon/Salle/Mur_droit"]
transform = Transform3D(1, 0, 0, 0, 1, 0, 0, 0, 1, 0, 2.5, -5)
mesh = SubResource("BoxMesh_maf8m")
surface_material_override/0 = ExtResource("4_gnsmo")

[node name="CollisionShape3D" type="CollisionShape3D" parent="salon/Salle/Mur_droit"]
transform = Transform3D(1, 0, 0, 0, 1, 0, 0, 0, 1, 0, 2.5, -5)
shape = SubResource("BoxShape3D_huasi")

[node name="Mur_gauche" type="StaticBody3D" parent="salon/Salle"]

[node name="MeshInstance3D" type="MeshInstance3D" parent="salon/Salle/Mur_gauche"]
transform = Transform3D(1, 0, 0, 0, 1, 0, 0, 0, 1, -5, 2.5, 0)
mesh = SubResource("BoxMesh_m1efj")
surface_material_override/0 = ExtResource("4_gnsmo")

[node name="CollisionShape3D" type="CollisionShape3D" parent="salon/Salle/Mur_gauche"]
transform = Transform3D(1, 0, 0, 0, 1, 0, 0, 0, 1, -5, 2.5, 0)
shape = SubResource("BoxShape3D_mai8y")

[node name="ui_Salon" parent="salon" instance=ExtResource("4_7ewk0")]
script = ExtResource("5_lhp3t")

[node name="salle_de_bain" type="Node3D" parent="."]
visible = false

[node name="Camera3D" type="Camera3D" parent="salle_de_bain"]
transform = Transform3D(0.7071068, -0.4055798, 0.579228, 0, 0.81915206, 0.57357645, -0.7071068, -0.4055798, 0.579228, 8, 10, 8)
projection = 1
current = true
size = 13.0

[node name="DirectionalLight3D" type="DirectionalLight3D" parent="salle_de_bain"]
transform = Transform3D(0.41918242, -0.6798369, 0.60175395, 0.5700946, 0.7129323, 0.40831324, -0.70659626, 0.17189895, 0.6864201, 7.632513, 9.024776, 8.058487)
shadow_normal_bias = 0.5
shadow_reverse_cull_face = true
shadow_blur = 0.57

[node name="PlacedObjects" type="Node3D" parent="salle_de_bain"]

[node name="Salle" type="Node3D" parent="salle_de_bain"]
script = ExtResource("3_jv6wh")

[node name="NavigationRegion3D" type="NavigationRegion3D" parent="salle_de_bain/Salle"]
transform = Transform3D(0.5, 0, 0, 0, 0.5, 0, 0, 0, 0.5, -0.9956758, 0.72103035, 0.016869187)
navigation_mesh = SubResource("NavigationMesh_x6ack")

[node name="MeshInstance3D" type="MeshInstance3D" parent="salle_de_bain/Salle/NavigationRegion3D"]

[node name="Sol" type="StaticBody3D" parent="salle_de_bain/Salle"]

[node name="MeshInstance3D" type="MeshInstance3D" parent="salle_de_bain/Salle/Sol"]
mesh = SubResource("BoxMesh_iacmt")

[node name="NavigationRegion3D" type="NavigationRegion3D" parent="salle_de_bain/Salle/Sol/MeshInstance3D"]
navigation_mesh = SubResource("NavigationMesh_iacmt")

[node name="CollisionShape3D" type="CollisionShape3D" parent="salle_de_bain/Salle/Sol"]
shape = SubResource("BoxShape3D_6ev3c")

[node name="Mur_droit" type="StaticBody3D" parent="salle_de_bain/Salle"]

[node name="MeshInstance3D" type="MeshInstance3D" parent="salle_de_bain/Salle/Mur_droit"]
transform = Transform3D(1, 0, 0, 0, 1, 0, 0, 0, 1, 0, 2.5, -5)
mesh = SubResource("BoxMesh_maf8m")

[node name="CollisionShape3D" type="CollisionShape3D" parent="salle_de_bain/Salle/Mur_droit"]
transform = Transform3D(1, 0, 0, 0, 1, 0, 0, 0, 1, 0, 2.5, -5)
shape = SubResource("BoxShape3D_huasi")

[node name="Mur_gauche" type="StaticBody3D" parent="salle_de_bain/Salle"]

[node name="MeshInstance3D" type="MeshInstance3D" parent="salle_de_bain/Salle/Mur_gauche"]
transform = Transform3D(1, 0, 0, 0, 1, 0, 0, 0, 1, -5, 2.5, 0)
mesh = SubResource("BoxMesh_m1efj")

[node name="CollisionShape3D" type="CollisionShape3D" parent="salle_de_bain/Salle/Mur_gauche"]
transform = Transform3D(1, 0, 0, 0, 1, 0, 0, 0, 1, -5, 2.5, 0)
shape = SubResource("BoxShape3D_mai8y")

[node name="cuisine" type="Node3D" parent="."]
visible = false

[node name="Camera3D" type="Camera3D" parent="cuisine"]
transform = Transform3D(0.7071068, -0.4055798, 0.579228, 0, 0.81915206, 0.57357645, -0.7071068, -0.4055798, 0.579228, 8, 10, 8)
projection = 1
current = true
size = 13.0

[node name="DirectionalLight3D" type="DirectionalLight3D" parent="cuisine"]
transform = Transform3D(0.41918242, -0.6798369, 0.60175395, 0.5700946, 0.7129323, 0.40831327, -0.70659626, 0.17189895, 0.6864201, 4.707531, 2.7378685, 5.2616353)
shadow_normal_bias = 0.5
shadow_reverse_cull_face = true
shadow_blur = 0.57

[node name="PlacedObjects" type="Node3D" parent="cuisine"]

[node name="Salle" type="Node3D" parent="cuisine"]
script = ExtResource("3_jv6wh")

[node name="NavigationRegion3D" type="NavigationRegion3D" parent="cuisine/Salle"]
transform = Transform3D(0.5, 0, 0, 0, 0.5, 0, 0, 0, 0.5, -0.9956758, 0.72103035, 0.016869187)
navigation_mesh = SubResource("NavigationMesh_x6ack")

[node name="MeshInstance3D" type="MeshInstance3D" parent="cuisine/Salle/NavigationRegion3D"]

[node name="Sol" type="StaticBody3D" parent="cuisine/Salle"]

[node name="MeshInstance3D" type="MeshInstance3D" parent="cuisine/Salle/Sol"]
mesh = SubResource("BoxMesh_iacmt")

[node name="NavigationRegion3D" type="NavigationRegion3D" parent="cuisine/Salle/Sol/MeshInstance3D"]
navigation_mesh = SubResource("NavigationMesh_iacmt")

[node name="CollisionShape3D" type="CollisionShape3D" parent="cuisine/Salle/Sol"]
shape = SubResource("BoxShape3D_6ev3c")

[node name="Mur_droit" type="StaticBody3D" parent="cuisine/Salle"]
script = ExtResource("3_7ewk0")

[node name="MeshInstance3D" type="MeshInstance3D" parent="cuisine/Salle/Mur_droit"]
transform = Transform3D(1, 0, 0, 0, 1, 0, 0, 0, 1, 0, 2.5, -5)
mesh = SubResource("BoxMesh_maf8m")

[node name="CollisionShape3D" type="CollisionShape3D" parent="cuisine/Salle/Mur_droit"]
transform = Transform3D(1, 0, 0, 0, 1, 0, 0, 0, 1, 0, 2.5, -5)
shape = SubResource("BoxShape3D_huasi")

[node name="Mur_gauche" type="StaticBody3D" parent="cuisine/Salle"]
script = ExtResource("3_7ewk0")

[node name="MeshInstance3D" type="MeshInstance3D" parent="cuisine/Salle/Mur_gauche"]
transform = Transform3D(1, 0, 0, 0, 1, 0, 0, 0, 1, -5, 2.5, 0)
mesh = SubResource("BoxMesh_m1efj")

[node name="CollisionShape3D" type="CollisionShape3D" parent="cuisine/Salle/Mur_gauche"]
transform = Transform3D(1, 0, 0, 0, 1, 0, 0, 0, 1, -5, 2.5, 0)
shape = SubResource("BoxShape3D_mai8y")

[node name="chambre" type="Node3D" parent="."]
visible = false

[node name="Camera3D" type="Camera3D" parent="chambre"]
transform = Transform3D(0.7071068, -0.4055798, 0.579228, 0, 0.81915206, 0.57357645, -0.7071068, -0.4055798, 0.579228, 8, 10, 8)
projection = 1
current = true
size = 13.0

[node name="DirectionalLight3D" type="DirectionalLight3D" parent="chambre"]
transform = Transform3D(0.41918242, -0.6798369, 0.60175395, 0.5700946, 0.7129323, 0.40831327, -0.70659626, 0.17189895, 0.6864201, 4.707531, 2.7378685, 5.2616353)
shadow_normal_bias = 0.5
shadow_reverse_cull_face = true
shadow_blur = 0.57

[node name="PlacedObjects" type="Node3D" parent="chambre"]

[node name="Salle" type="Node3D" parent="chambre"]
script = ExtResource("3_jv6wh")

[node name="NavigationRegion3D" type="NavigationRegion3D" parent="chambre/Salle"]
transform = Transform3D(0.5, 0, 0, 0, 0.5, 0, 0, 0, 0.5, -0.9956758, 0.72103035, 0.016869187)
navigation_mesh = SubResource("NavigationMesh_x6ack")

[node name="MeshInstance3D" type="MeshInstance3D" parent="chambre/Salle/NavigationRegion3D"]

[node name="Sol" type="StaticBody3D" parent="chambre/Salle"]

[node name="MeshInstance3D" type="MeshInstance3D" parent="chambre/Salle/Sol"]
mesh = SubResource("BoxMesh_iacmt")

[node name="NavigationRegion3D" type="NavigationRegion3D" parent="chambre/Salle/Sol/MeshInstance3D"]
navigation_mesh = SubResource("NavigationMesh_iacmt")

[node name="CollisionShape3D" type="CollisionShape3D" parent="chambre/Salle/Sol"]
shape = SubResource("BoxShape3D_6ev3c")

[node name="Mur_droit" type="StaticBody3D" parent="chambre/Salle"]
script = ExtResource("3_7ewk0")

[node name="MeshInstance3D" type="MeshInstance3D" parent="chambre/Salle/Mur_droit"]
transform = Transform3D(1, 0, 0, 0, 1, 0, 0, 0, 1, 0, 2.5, -5)
mesh = SubResource("BoxMesh_maf8m")

[node name="CollisionShape3D" type="CollisionShape3D" parent="chambre/Salle/Mur_droit"]
transform = Transform3D(1, 0, 0, 0, 1, 0, 0, 0, 1, 0, 2.5, -5)
shape = SubResource("BoxShape3D_huasi")

[node name="Mur_gauche" type="StaticBody3D" parent="chambre/Salle"]
script = ExtResource("3_7ewk0")

[node name="MeshInstance3D" type="MeshInstance3D" parent="chambre/Salle/Mur_gauche"]
transform = Transform3D(1, 0, 0, 0, 1, 0, 0, 0, 1, -5, 2.5, 0)
mesh = SubResource("BoxMesh_m1efj")

[node name="CollisionShape3D" type="CollisionShape3D" parent="chambre/Salle/Mur_gauche"]
transform = Transform3D(1, 0, 0, 0, 1, 0, 0, 0, 1, -5, 2.5, 0)
shape = SubResource("BoxShape3D_mai8y")

[node name="laboratoire" type="Node3D" parent="."]
visible = false

[node name="Camera3D" type="Camera3D" parent="laboratoire"]
transform = Transform3D(0.7071068, -0.4055798, 0.579228, 0, 0.81915206, 0.57357645, -0.7071068, -0.4055798, 0.579228, 8, 10, 8)
projection = 1
current = true
size = 13.0

[node name="DirectionalLight3D" type="DirectionalLight3D" parent="laboratoire"]
transform = Transform3D(0.41918242, -0.6798369, 0.60175395, 0.5700946, 0.7129323, 0.40831327, -0.70659626, 0.17189895, 0.6864201, 4.707531, 2.7378685, 5.2616353)
shadow_normal_bias = 0.5
shadow_reverse_cull_face = true
shadow_blur = 0.57

[node name="PlacedObjects" type="Node3D" parent="laboratoire"]

[node name="Salle" type="Node3D" parent="laboratoire"]
script = ExtResource("3_jv6wh")

[node name="NavigationRegion3D" type="NavigationRegion3D" parent="laboratoire/Salle"]
transform = Transform3D(0.5, 0, 0, 0, 0.5, 0, 0, 0, 0.5, -0.9956758, 0.72103035, 0.016869187)
navigation_mesh = SubResource("NavigationMesh_x6ack")

[node name="MeshInstance3D" type="MeshInstance3D" parent="laboratoire/Salle/NavigationRegion3D"]

[node name="Sol" type="StaticBody3D" parent="laboratoire/Salle"]

[node name="MeshInstance3D" type="MeshInstance3D" parent="laboratoire/Salle/Sol"]
mesh = SubResource("BoxMesh_iacmt")

[node name="NavigationRegion3D" type="NavigationRegion3D" parent="laboratoire/Salle/Sol/MeshInstance3D"]
navigation_mesh = SubResource("NavigationMesh_iacmt")

[node name="CollisionShape3D" type="CollisionShape3D" parent="laboratoire/Salle/Sol"]
shape = SubResource("BoxShape3D_6ev3c")

[node name="Mur_droit" type="StaticBody3D" parent="laboratoire/Salle"]
script = ExtResource("3_7ewk0")

[node name="MeshInstance3D" type="MeshInstance3D" parent="laboratoire/Salle/Mur_droit"]
transform = Transform3D(1, 0, 0, 0, 1, 0, 0, 0, 1, 0, 2.5, -5)
mesh = SubResource("BoxMesh_maf8m")

[node name="CollisionShape3D" type="CollisionShape3D" parent="laboratoire/Salle/Mur_droit"]
transform = Transform3D(1, 0, 0, 0, 1, 0, 0, 0, 1, 0, 2.5, -5)
shape = SubResource("BoxShape3D_huasi")

[node name="Mur_gauche" type="StaticBody3D" parent="laboratoire/Salle"]
script = ExtResource("3_7ewk0")

[node name="MeshInstance3D" type="MeshInstance3D" parent="laboratoire/Salle/Mur_gauche"]
transform = Transform3D(1, 0, 0, 0, 1, 0, 0, 0, 1, -5, 2.5, 0)
mesh = SubResource("BoxMesh_m1efj")

[node name="CollisionShape3D" type="CollisionShape3D" parent="laboratoire/Salle/Mur_gauche"]
transform = Transform3D(1, 0, 0, 0, 1, 0, 0, 0, 1, -5, 2.5, 0)
shape = SubResource("BoxShape3D_mai8y")

[node name="stockage" type="Node3D" parent="."]
visible = false

[node name="Camera3D" type="Camera3D" parent="stockage"]
transform = Transform3D(0.7071068, -0.4055798, 0.579228, 0, 0.81915206, 0.57357645, -0.7071068, -0.4055798, 0.579228, 8, 10, 8)
projection = 1
current = true
size = 13.0

[node name="DirectionalLight3D" type="DirectionalLight3D" parent="stockage"]
transform = Transform3D(0.41918242, -0.6798369, 0.60175395, 0.5700946, 0.7129323, 0.40831327, -0.70659626, 0.17189895, 0.6864201, 4.707531, 2.7378685, 5.2616353)
shadow_normal_bias = 0.5
shadow_reverse_cull_face = true
shadow_blur = 0.57

[node name="PlacedObjects" type="Node3D" parent="stockage"]

[node name="Salle" type="Node3D" parent="stockage"]
script = ExtResource("3_jv6wh")

[node name="NavigationRegion3D" type="NavigationRegion3D" parent="stockage/Salle"]
transform = Transform3D(0.5, 0, 0, 0, 0.5, 0, 0, 0, 0.5, -0.9956758, 0.72103035, 0.016869187)
navigation_mesh = SubResource("NavigationMesh_x6ack")

[node name="MeshInstance3D" type="MeshInstance3D" parent="stockage/Salle/NavigationRegion3D"]

[node name="Sol" type="StaticBody3D" parent="stockage/Salle"]

[node name="MeshInstance3D" type="MeshInstance3D" parent="stockage/Salle/Sol"]
mesh = SubResource("BoxMesh_iacmt")

[node name="NavigationRegion3D" type="NavigationRegion3D" parent="stockage/Salle/Sol/MeshInstance3D"]
navigation_mesh = SubResource("NavigationMesh_iacmt")

[node name="CollisionShape3D" type="CollisionShape3D" parent="stockage/Salle/Sol"]
shape = SubResource("BoxShape3D_6ev3c")

[node name="Mur droit" type="StaticBody3D" parent="stockage/Salle"]
script = ExtResource("3_7ewk0")

[node name="MeshInstance3D" type="MeshInstance3D" parent="stockage/Salle/Mur droit"]
transform = Transform3D(1, 0, 0, 0, 1, 0, 0, 0, 1, 0, 2.5, -5)
mesh = SubResource("BoxMesh_maf8m")

[node name="CollisionShape3D" type="CollisionShape3D" parent="stockage/Salle/Mur droit"]
transform = Transform3D(1, 0, 0, 0, 1, 0, 0, 0, 1, 0, 2.5, -5)
shape = SubResource("BoxShape3D_huasi")

[node name="Mur gauche" type="StaticBody3D" parent="stockage/Salle"]
script = ExtResource("3_7ewk0")

[node name="MeshInstance3D" type="MeshInstance3D" parent="stockage/Salle/Mur gauche"]
transform = Transform3D(1, 0, 0, 0, 1, 0, 0, 0, 1, -5, 2.5, 0)
mesh = SubResource("BoxMesh_m1efj")

[node name="CollisionShape3D" type="CollisionShape3D" parent="stockage/Salle/Mur gauche"]
transform = Transform3D(1, 0, 0, 0, 1, 0, 0, 0, 1, -5, 2.5, 0)
shape = SubResource("BoxShape3D_mai8y")
