[gd_scene load_steps=4 format=3 uid="uid://cvqw28ph6futv"]

[ext_resource type="PackedScene" uid="uid://dhb0rh6musbex" path="res://npc/navigation_npc.tscn" id="1_i7ajm"]
[ext_resource type="Script" uid="uid://dbn8aape3osil" path="res://npc/camera_3d.gd" id="2_ilobj"]

[sub_resource type="NavigationMesh" id="NavigationMesh_khqy5"]
vertices = PackedVector3Array(-1, 0.5, -0.75, 0.25, 0.5, -1, 0, 0.5, -2.5, -3.5, 0.5, 2.25, -4.5, 0.5, 1.25, -4.5, 0.5, 4.5, 4.5, 0.5, -3, 2.25, 0.5, -1.25, 3.25, 0.5, -0.75, -2.5, 0.5, 2.25, -4.5, 0.5, -4.5, -4.5, 0.5, -1.5, -3.5, 0.5, -1.5, 2.25, 0.5, -4.5, 1.25, 0.5, 4, 1, 0.5, 0.75, -0.75, 0.5, 1, -1.75, 0.5, 1.5, 4.5, 0.5, 4.5, 3.25, 0.5, 3.75, -1.75, 0.5, 0.25, 2.75, 1.5, -2.75, 3.5, 1.5, -3.5, 3, 1.5, -3.75, 2.25, 1.5, -3)
polygons = [PackedInt32Array(2, 1, 0), PackedInt32Array(5, 4, 3), PackedInt32Array(6, 8, 7), PackedInt32Array(5, 3, 9), PackedInt32Array(11, 10, 12), PackedInt32Array(12, 10, 2), PackedInt32Array(2, 10, 13), PackedInt32Array(17, 16, 9), PackedInt32Array(9, 16, 15), PackedInt32Array(9, 15, 14), PackedInt32Array(9, 14, 5), PackedInt32Array(19, 8, 18), PackedInt32Array(18, 8, 6), PackedInt32Array(14, 19, 18), PackedInt32Array(14, 18, 5), PackedInt32Array(20, 12, 0), PackedInt32Array(0, 12, 2), PackedInt32Array(17, 20, 16), PackedInt32Array(16, 20, 0), PackedInt32Array(24, 23, 21), PackedInt32Array(21, 23, 22)]

[node name="NavigationNPC3D" type="NavigationRegion3D"]
navigation_mesh = SubResource("NavigationMesh_khqy5")

[node name="DirectionalLight3D" type="DirectionalLight3D" parent="."]
transform = Transform3D(-0.8660254, -0.37389907, 0.33196312, 0, 0.6639262, 0.7477981, -0.50000006, 0.64761215, -0.5749769, 0, 6.01389, 0)
light_energy = 2.208
shadow_enabled = true

[node name="CSGBox3D" type="CSGBox3D" parent="."]
transform = Transform3D(1, 0, 0, 0, 1, 0, 0, 0, 1, 0, -0.5, 0)
use_collision = true
size = Vector3(10, 1, 10)

[node name="Camera3D" type="Camera3D" parent="."]
transform = Transform3D(0.81487733, -0.47420406, 0.333325, 0.0010056901, 0.5762175, 0.81729585, -0.5796327, -0.66566056, 0.47002345, 4.503975, 9.220289, 6.138476)
script = ExtResource("2_ilobj")

[node name="CSGBox3D2" type="CSGBox3D" parent="."]
transform = Transform3D(1, 0, 0, 0, 1, 0, 0, 0, 1, 2.013, 0.5, 1.468)
use_collision = true
size = Vector3(1, 1, 3.935669)

[node name="CSGBox3D3" type="CSGBox3D" parent="."]
transform = Transform3D(0.6541734, 0, -0.7563446, 0, 1, 0, 0.7563446, 0, 0.6541734, 2.3891065, 0.5, -2.8363862)
use_collision = true
size = Vector3(1, 1, 3.935669)

[node name="CSGBox3D4" type="CSGBox3D" parent="."]
transform = Transform3D(0.7085122, 0, 0.7056985, 0, 1, 0, -0.7056985, 0, 0.7085122, -3.498, 0.5, 0.354)
use_collision = true
size = Vector3(1, 1, 2.4811249)

[node name="NavigationNPC" parent="." instance=ExtResource("1_i7ajm")]
transform = Transform3D(1, 0, 0, 0, 1, 0, 0, 0, 1, 0, 1, 0)
npc_name = "Raphael"
dialogue = " et je suis à perte"

[node name="NavigationNPC" parent="NavigationNPC" instance=ExtResource("1_i7ajm")]
transform = Transform3D(1, 0, 0, 0, 1, 0, 0, 0, 1, 0, 0.003525734, 1.8457)
npc_name = "Muhammed"
dialogue = " et je suis à perte aussi"

[node name="CanvasLayer" type="CanvasLayer" parent="."]

[node name="Label" type="Label" parent="CanvasLayer"]
anchors_preset = 12
anchor_top = 1.0
anchor_right = 1.0
anchor_bottom = 1.0
offset_left = 1.0
offset_top = -200.0
offset_right = 1.0
offset_bottom = -97.0
grow_horizontal = 2
grow_vertical = 0
horizontal_alignment = 1
vertical_alignment = 2
