[gd_scene load_steps=3 format=3 uid="uid://cvqw28ph6futv"]

[ext_resource type="PackedScene" uid="uid://dhb0rh6musbex" path="res://npc/navigation_npc.tscn" id="1_i7ajm"]

[sub_resource type="NavigationMesh" id="NavigationMesh_khqy5"]
vertices = PackedVector3Array(-3.5, 0.5, 2.25, -4.5, 0.5, 1.25, -4.5, 0.5, 4.5, 4.5, 0.5, -3, 2.25, 0.5, -1.25, 3.25, 0.5, -0.75, -2.5, 0.5, 2.25, -4.5, 0.5, -4.5, -4.5, 0.5, -1.5, -3.5, 0.5, -1.5, 0, 0.5, -2.5, 2.25, 0.5, -4.5, -1.75, 0.5, 1.5, 1.25, 0.5, 4, 1, 0.5, -0.5, 4.5, 0.5, 4.5, 3.25, 0.5, 3.75, -1.75, 0.5, 0.25, 0, 0.5, -1.25, 2.75, 1.5, -2.75, 3.5, 1.5, -3.5, 3, 1.5, -3.75, 2.25, 1.5, -3)
polygons = [PackedInt32Array(2, 1, 0), PackedInt32Array(3, 5, 4), PackedInt32Array(2, 0, 6), PackedInt32Array(8, 7, 9), PackedInt32Array(9, 7, 10), PackedInt32Array(10, 7, 11), PackedInt32Array(6, 12, 2), PackedInt32Array(2, 12, 13), PackedInt32Array(13, 12, 14), PackedInt32Array(13, 16, 15), PackedInt32Array(13, 15, 2), PackedInt32Array(18, 17, 10), PackedInt32Array(10, 17, 9), PackedInt32Array(16, 5, 15), PackedInt32Array(15, 5, 3), PackedInt32Array(18, 14, 17), PackedInt32Array(17, 14, 12), PackedInt32Array(22, 21, 19), PackedInt32Array(19, 21, 20)]

[node name="NavigationRegion3D" type="NavigationRegion3D"]
navigation_mesh = SubResource("NavigationMesh_khqy5")

[node name="DirectionalLight3D" type="DirectionalLight3D" parent="."]
transform = Transform3D(-0.8660254, -0.37389907, 0.33196312, 0, 0.6639262, 0.7477981, -0.50000006, 0.64761215, -0.5749769, 0, 6.01389, 0)
light_energy = 2.208
shadow_enabled = true

[node name="CSGBox3D" type="CSGBox3D" parent="."]
transform = Transform3D(1, 0, 0, 0, 1, 0, 0, 0, 1, 0, -0.5, 0)
use_collision = true
size = Vector3(10, 1, 10)

[node name="NavigationNPC" parent="." instance=ExtResource("1_i7ajm")]
transform = Transform3D(1, 0, 0, 0, 1, 0, 0, 0, 1, 0, 1, 1.2765379)

[node name="Camera3D" type="Camera3D" parent="."]
transform = Transform3D(0.99999857, -0.0017453283, 0, -7.629073e-11, -4.371132e-08, 1.0000001, -0.0017453285, -0.99999845, -4.3711392e-08, 0, 8, 0)

[node name="CSGBox3D2" type="CSGBox3D" parent="."]
transform = Transform3D(1, 0, 0, 0, 1, 0, 0, 0, 1, 2.013, 0.5, 1.468)
use_collision = true
size = Vector3(1, 1, 3.935669)

[node name="CSGBox3D3" type="CSGBox3D" parent="."]
transform = Transform3D(0.6541734, 0, -0.7563446, 0, 1, 0, 0.7563446, 0, 0.6541734, 2.3891065, 0.5, -2.8363862)
use_collision = true
size = Vector3(1, 1, 3.935669)

[node name="CSGBox3D4" type="CSGBox3D" parent="."]
transform = Transform3D(0.7085122, 0, 0.7056985, 0, 1, 0, -0.7056985, 0, 0.7085122, -3.498167, 1, 0.3537078)
use_collision = true
size = Vector3(1, 1, 2.4811249)
